# This file may be used to create an environment using:
# $ conda create --name <env> --file <this file>
# platform: win-64
asgiref=3.3.0=py_0
behave=1.2.6=pyhd8ed1ab_1004
bzip2=1.0.8=h8ffe710_4
ca-certificates=2021.10.8=h5b45459_0
click=8.0.4=py310h5588dad_0
colorama=0.4.4=pyh9f0ad1d_0
django=3.1.2=py_0
krb5=1.19.2=hc8ab02b_4
libffi=3.4.2=h8ffe710_5
libpq=14.2=h1ea2d34_0
libzlib=1.2.11=h8ffe710_1013
openssl=3.0.0=h8ffe710_2
parse=1.19.0=pyh44b312d_0
parse_type=0.6.0=pyhd8ed1ab_1
pip=22.0.3=pyhd8ed1ab_0
psycopg2=2.9.3=py310h1cf396f_0
python=3.10.2=hcf16a7b_3_cpython
python-dotenv=0.19.2=pyhd8ed1ab_0
python_abi=3.10=2_cp310
pytz=2020.1=py_0
setuptools=60.9.3=py310h5588dad_0
six=1.16.0=pyh6c4a22f_0
sqlite=3.37.0=h8ffe710_0
sqlparse=0.4.1=py_0
tk=8.6.12=h8ffe710_0
tzdata=2021e=he74cb21_0
ucrt=10.0.20348.0=h57928b3_0
vc=14.2=hb210afc_6
vs2015_runtime=14.29.30037=h902a5da_6
wheel=0.37.1=pyhd8ed1ab_0
xz=5.2.5=h62dcd97_1
